# s [Mpc/h] xihat_0 xihat_2 xihat_4
2.34423e-01 1.24010e+00 -2.96114e+00 3.58389e+00
7.85236e-01 9.37302e+00 -8.08076e+00 -5.90064e+00
1.49624e+00 8.06527e+00 3.15111e-01 -3.42155e+00
2.85102e+00 5.15991e+00 1.35366e+00 4.55790e-01
5.43250e+00 2.45269e+00 5.77544e-01 6.02246e-01
8.81049e+00 1.32357e+00 2.04560e-01 5.52134e-01
1.21619e+01 7.59229e-01 -6.04027e-02 1.94706e-01
1.67880e+01 4.06208e-01 -1.24066e-01 5.45507e-02
2.31739e+01 2.06563e-01 -1.22805e-01 1.93445e-02
3.19890e+01 9.36722e-02 -9.08027e-02 1.41435e-02
