  0.12589255        1581.2230        139.35217    
  0.19952627        947.52864        41.805978    
  0.31622779        574.66209        15.691061    
  0.50118726        309.55898        4.2869348    
  0.79432833        181.55002        2.5552470    
   1.2589257        120.53856        1.5602555    
   1.9952624        85.954765        1.0424536    
   3.1622777        61.982029       0.74374299    
   5.0118732        43.460429       0.61427594    
   7.9432831        29.221633       0.50303618    
   12.589255        18.267874       0.47034054    
   19.952627        10.572905       0.41461419    
   31.622786        5.1473840       0.35217804    
   50.118729        2.3860400       0.27212815    
