# w_p measurement from BOSS DR10 CMASS sample
# For detail, see Reid+(2010)
# r_p [Mpc/h]   w_p        Delta(w_p)
1.948145e-01 1.000456e+03 8.258653e+01
2.597893e-01 6.917405e+02 5.373088e+01
3.464346e-01 5.076722e+02 3.663328e+01
4.619780e-01 3.580574e+02 2.263618e+01
6.160575e-01 2.523583e+02 1.466081e+01
8.215259e-01 1.798015e+02 9.621960e+00
1.095522e+00 1.403350e+02 2.882679e+00
1.460903e+00 1.109802e+02 2.290942e+00
1.948145e+00 8.853009e+01 1.909936e+00
2.597893e+00 7.383346e+01 1.524402e+00
3.464346e+00 5.976082e+01 1.127686e+00
4.619780e+00 4.837795e+01 9.744047e-01
6.160575e+00 3.797060e+01 8.104377e-01
8.215259e+00 2.956988e+01 7.294552e-01
1.095522e+01 2.233472e+01 6.133998e-01
1.460903e+01 1.593530e+01 5.388813e-01
1.948145e+01 1.116076e+01 4.797809e-01
2.597893e+01 7.365423e+00 4.116111e-01
