      1.00      0.00      0.00      0.00      0.00      0.00      0.00      0.00      0.00      0.00      0.00      0.00      0.00
      0.00      1.00      0.00      0.00      0.00      0.00      0.00      0.00      0.00      0.00      0.00      0.00      0.00
      0.00      0.00      1.00      0.00      0.00      0.00      0.00      0.00      0.00      0.00      0.00      0.00      0.00
      0.00      0.00      0.00      1.00      0.00      0.00      0.00      0.00      0.00      0.00      0.00      0.00      0.00
      0.00      0.00      0.00      0.00      1.00      0.00      0.00      0.00      0.00      0.00      0.00      0.00      0.00
      0.00      0.00      0.00      0.00      0.00      1.00      0.00      0.00      0.00      0.00      0.00      0.00      0.00
      0.00      0.00      0.00      0.00      0.00      0.00      1.00      0.00      0.00      0.00      0.00      0.00      0.00
      0.00      0.00      0.00      0.00      0.00      0.00      0.00      1.00      0.21      0.00      0.00      0.00      0.00
      0.00      0.00      0.00      0.00      0.00      0.00      0.00      0.21      1.00      0.33      0.27      0.00      0.00
      0.00      0.00      0.00      0.00      0.00      0.00      0.00      0.00      0.33      1.00      0.30      0.25      0.25
      0.00      0.00      0.00      0.00      0.00      0.00      0.00      0.00      0.27      0.30      1.00      0.37      0.41
      0.00      0.00      0.00      0.00      0.00      0.00      0.00      0.00      0.00      0.25      0.37      1.00      0.63
      0.00      0.00      0.00      0.00      0.00      0.00      0.00      0.00      0.00      0.25      0.41      0.63      1.00
