       284.79118
       0.0000000
       0.0000000
       0.0000000
       0.0000000
       0.0000000
       0.0000000
       0.0000000
       0.0000000
       0.0000000
       0.0000000
       0.0000000
       0.0000000
       0.0000000
       45.914744
       0.0000000
       0.0000000
       0.0000000
       0.0000000
       0.0000000
       0.0000000
       0.0000000
       0.0000000
       0.0000000
       0.0000000
       0.0000000
       0.0000000
       0.0000000
       24.750840
       0.0000000
       0.0000000
       0.0000000
       0.0000000
       0.0000000
       0.0000000
       0.0000000
       0.0000000
       0.0000000
       0.0000000
       0.0000000
       0.0000000
       0.0000000
       8.3942312
       0.0000000
       0.0000000
       0.0000000
       0.0000000
       0.0000000
       0.0000000
       0.0000000
       0.0000000
       0.0000000
       0.0000000
       0.0000000
       0.0000000
       0.0000000
       2.4982951
       0.0000000
       0.0000000
       0.0000000
       0.0000000
       0.0000000
       0.0000000
       0.0000000
       0.0000000
       0.0000000
       0.0000000
       0.0000000
       0.0000000
       0.0000000
       1.7819028
       0.0000000
       0.0000000
       0.0000000
       0.0000000
       0.0000000
       0.0000000
       0.0000000
       0.0000000
       0.0000000
       0.0000000
       0.0000000
       0.0000000
       0.0000000
      0.53337030
       0.0000000
       0.0000000
       0.0000000
       0.0000000
       0.0000000
       0.0000000
       0.0000000
       0.0000000
       0.0000000
       0.0000000
       0.0000000
       0.0000000
       0.0000000
      0.20174343
     0.024308641
       0.0000000
       0.0000000
       0.0000000
       0.0000000
       0.0000000
       0.0000000
       0.0000000
       0.0000000
       0.0000000
       0.0000000
       0.0000000
     0.024308641
     0.069491938
     0.019275767
     0.010781489
       0.0000000
       0.0000000
       0.0000000
       0.0000000
       0.0000000
       0.0000000
       0.0000000
       0.0000000
       0.0000000
       0.0000000
     0.019275767
     0.049477560
     0.010336359
    0.0093200631
    0.0090802365
       0.0000000
       0.0000000
       0.0000000
       0.0000000
       0.0000000
       0.0000000
       0.0000000
       0.0000000
     0.010781489
     0.010336359
     0.023361311
    0.0094167419
     0.010310981
       0.0000000
       0.0000000
       0.0000000
       0.0000000
       0.0000000
       0.0000000
       0.0000000
       0.0000000
       0.0000000
    0.0093200631
    0.0094167419
     0.027982767
     0.017232495
       0.0000000
       0.0000000
       0.0000000
       0.0000000
       0.0000000
       0.0000000
       0.0000000
       0.0000000
       0.0000000
    0.0090802365
     0.010310981
     0.017232495
     0.027145852
